,20180424_BZ14_control_0,20180424_BZ14_control_1,20180424_BZ14_control_2,20180424_BZ14_control_3,20180424_BZ14_control_4,20180424_BZ14_control_5,20180424_BZ14_control_6,20180424_BZ14_control_7,20180424_BZ14_control_8,20180424_BZ14_control_9
47x2553,1,1,1,2,1,2,1,1,1,2
69x6221,1,1,2,2,8,9,1,2,7,2
84x2248,1,1,1,2,2,2,1,1,1,2
117x54,1,9,9,2,7,9,1,1,7,8
157x3715,1,1,1,2,2,2,1,1,1,2
112x161,1,9,9,2,7,9,1,1,7,8
108x274,1,9,9,2,7,9,1,1,7,8
150x2720,1,1,1,2,1,2,1,1,1,2
184x507,1,9,9,2,7,9,1,1,7,8
209x4104,1,1,1,2,2,2,1,1,1,2
225x3964,1,1,1,2,2,2,1,1,1,2
327x4330,1,1,1,2,2,2,1,1,1,2
278x3599,1,1,1,2,2,2,1,1,1,2
374x5376,1,1,2,2,2,2,1,1,1,2
411x5024,1,1,2,2,2,2,1,1,1,2
437x5249,1,1,2,2,2,2,1,1,1,2
431x4591,1,1,1,2,2,2,1,1,1,2
455x2706,1,1,1,2,1,2,1,1,1,2
561x138,2,5,3,3,3,3,2,3,2,3
538x5785,1,1,1,2,1,2,1,1,1,2
530x2833,1,1,1,2,2,2,1,1,1,2
539x2954,1,1,1,2,2,2,1,1,1,2
587x1839,5,2,2,2,2,2,1,2,1,3
606x6172,1,1,1,2,1,2,1,1,1,2
622x6005,1,1,1,2,1,2,1,1,1,2
621x686,2,2,3,3,3,3,2,3,2,3
608x6495,1,1,2,2,2,2,1,1,1,2
675x2050,5,2,2,2,2,2,2,2,2,3
718x5878,1,1,1,2,1,2,1,1,1,2
682x3065,1,1,1,2,2,2,1,1,1,2
683x6467,1,1,2,2,2,2,1,1,1,2
662x445,2,2,3,3,3,3,2,3,2,3
691x2692,1,1,1,2,2,2,1,1,1,2
683x340,2,5,3,3,3,3,2,3,2,3
678x3620,1,1,2,2,1,2,1,1,1,1
754x144,2,5,3,3,3,3,2,3,2,3
792x1030,2,2,3,3,3,3,2,3,2,3
806x1748,2,2,3,2,2,2,2,2,2,3
809x742,2,2,3,3,3,3,2,3,2,3
840x3681,1,1,2,2,1,2,1,1,1,1
878x4498,1,1,2,2,2,2,1,1,1,2
956x674,2,2,3,3,3,3,2,3,2,3
942x433,2,2,3,3,3,3,2,3,2,3
952x2048,2,2,3,2,2,2,2,2,2,3
977x1702,2,2,3,3,3,3,2,3,2,3
1061x2466,1,1,7,2,2,2,2,2,2,5
1002x133,2,5,3,3,3,3,4,3,2,3
1088x1005,2,2,7,3,3,3,2,3,2,3
1129x1221,2,2,7,3,3,3,2,5,2,3
1097x2692,1,1,2,2,2,2,12,2,1,2
1154x5139,1,1,2,2,2,2,1,1,1,2
1138x597,2,2,3,3,3,3,2,3,2,3
1157x336,2,2,3,3,3,3,2,3,2,3
1171x2099,2,5,7,3,3,3,2,5,2,5
1157x1675,2,2,3,3,3,3,2,3,2,3
1198x98,2,2,3,3,3,3,4,3,2,3
1267x1251,2,2,3,3,3,3,2,3,2,3
1286x1631,2,2,3,3,3,3,2,3,2,3
1299x545,2,2,3,3,3,3,2,3,2,3
1293x5715,2,2,3,2,2,3,2,3,1,3
1320x173,2,2,3,3,3,3,4,3,2,3
1318x2259,2,5,7,3,3,3,2,5,2,5
1342x1797,2,2,3,3,3,3,2,3,2,3
1330x3737,1,1,2,2,2,2,1,1,2,3
1423x1461,2,2,3,3,3,3,2,3,2,3
1408x3009,2,2,2,3,2,3,2,3,2,3
1455x455,2,2,3,3,3,3,2,3,2,3
1461x832,2,2,3,3,3,3,2,3,2,3
1474x4321,2,2,2,3,3,3,1,3,1,3
1478x278,2,2,3,3,3,3,2,3,2,3
1491x1905,2,5,3,3,3,3,2,3,2,3
1498x4095,2,2,2,3,3,3,2,3,2,3
1548x2758,2,2,3,3,3,3,2,3,2,3
1560x1209,2,2,3,3,3,3,2,3,2,3
1580x2072,2,2,3,3,3,3,2,3,2,3
1628x5252,5,2,2,3,2,2,8,2,3,3
1681x4677,2,6,3,5,3,2,2,2,2,3
1640x582,2,2,3,3,3,3,2,3,2,3
1668x1710,2,2,3,3,3,3,2,3,2,3
1646x3610,2,2,3,3,3,3,2,3,2,3
1709x1918,2,2,3,3,3,3,2,3,2,3
1716x5810,1,2,2,2,2,2,1,2,1,2
1702x374,2,2,3,3,3,3,2,3,2,3
1696x805,2,2,3,3,3,3,2,3,2,3
1701x1113,2,2,3,3,3,3,2,3,2,3
1720x2478,2,2,3,3,3,3,2,3,6,3
1796x5571,5,2,2,2,2,2,2,2,2,3
1749x3980,2,2,3,3,3,3,2,3,2,3
1852x4926,5,6,3,3,3,2,8,2,2,3
1823x6241,10,12,2,4,1,5,2,6,4,1
1829x1040,2,2,3,3,3,3,2,3,2,3
1880x871,2,2,3,3,3,3,2,3,2,3
1823x1296,2,2,3,3,3,3,2,3,2,3
1881x1670,2,2,3,3,3,3,2,3,2,3
1862x4213,2,2,3,3,3,3,2,3,2,3
1893x85,2,2,3,3,3,3,2,3,2,3
1892x2110,2,2,3,3,3,3,2,3,2,3
1877x3488,2,5,7,3,3,3,2,5,2,5
1934x3072,2,2,3,3,3,3,2,3,2,3
1966x4085,3,5,7,3,3,3,4,3,5,5
2012x6546,10,12,2,4,1,1,2,6,4,1
2074x3627,2,5,7,3,3,3,4,5,2,5
2024x4665,2,2,3,3,3,3,2,3,2,3
2014x5422,2,2,3,3,3,3,2,3,2,3
2026x250,2,2,3,3,3,3,2,3,2,3
2048x1957,2,2,3,3,3,3,2,3,2,3
2102x3769,2,5,7,3,3,3,4,5,2,5
2078x4462,2,2,3,3,3,3,2,3,2,3
2048x6033,2,2,2,3,3,2,2,3,2,3
2055x2430,2,2,3,3,3,3,2,3,2,3
2110x4859,2,2,3,3,3,3,2,3,2,3
2112x5112,2,2,3,3,3,3,2,3,2,3
2200x3912,2,5,7,3,3,3,4,5,2,5
2126x1539,5,2,3,5,3,4,2,6,2,3
2168x4097,2,5,7,3,3,3,4,3,2,5
2102x2610,4,6,6,9,4,7,10,7,6,6
2201x6293,3,5,7,3,6,3,4,5,2,5
2200x3089,2,2,3,3,3,3,2,3,2,3
2262x1991,5,2,2,3,4,2,8,6,2,3
2251x5609,3,5,7,3,3,3,4,3,2,5
2244x63,4,2,6,4,3,5,2,3,2,6
2290x1082,4,6,4,5,9,6,5,7,3,4
2238x591,4,4,6,5,4,6,5,6,6,6
2293x3218,2,2,3,3,3,3,2,3,2,3
2273x5812,3,5,7,3,6,3,4,5,5,5
2302x5362,3,2,3,3,3,3,2,3,2,3
2313x4873,2,2,3,3,3,3,2,3,2,3
2338x216,4,3,6,4,4,5,5,7,3,6
2308x6005,3,5,7,6,6,3,4,5,5,5
2287x3523,2,5,7,3,3,3,4,3,2,5
2374x5157,2,2,3,3,3,3,2,3,2,3
2303x4422,2,2,3,3,3,3,4,3,2,3
2386x614,4,4,6,5,4,6,5,7,3,6
2423x1816,5,2,2,5,4,2,3,6,2,4
2387x6145,3,5,7,6,6,3,4,5,5,5
2412x395,4,3,6,4,4,6,5,7,3,6
2416x4152,2,2,7,3,3,3,4,3,2,5
2414x6332,3,5,7,6,6,3,4,5,5,5
2440x1302,5,6,4,5,4,4,5,6,3,4
2401x4700,2,2,3,3,3,3,2,3,2,3
2440x5876,3,5,7,6,6,3,4,5,5,5
2474x5515,3,5,7,3,3,3,4,3,2,5
2505x1637,5,6,4,5,4,4,3,6,3,4
2515x4351,2,2,3,3,3,3,2,3,2,3
2469x51,4,3,6,4,9,5,5,6,6,6
2493x2879,4,2,6,3,4,5,2,7,2,6
2489x5722,3,5,7,3,6,3,4,5,5,5
2479x2189,5,6,5,5,4,4,3,2,3,4
2534x4947,2,2,3,3,3,3,2,3,2,5
2520x171,4,3,6,4,4,5,5,7,3,6
2572x6217,3,5,7,6,6,3,4,5,5,5
2608x2610,4,3,6,5,4,5,5,7,3,6
2563x5249,3,2,7,3,3,3,4,3,2,5
2581x5889,3,5,7,6,6,3,4,5,5,5
2588x305,4,3,6,4,4,6,5,7,3,6
2568x1357,5,6,4,5,4,4,5,6,3,4
2529x3823,2,2,3,3,3,3,2,3,2,6
2602x3468,2,2,3,4,3,5,2,7,2,6
2596x912,4,4,6,5,4,6,5,7,3,6
2602x6023,3,5,7,6,6,3,4,5,5,5
2644x5583,3,5,7,3,6,3,4,3,5,5
2655x96,4,3,6,4,4,5,5,7,3,6
2653x4651,2,2,3,3,3,3,2,3,2,3
2638x6405,3,5,7,6,6,3,4,5,5,5
2646x516,4,4,6,5,4,6,5,7,3,6
2643x3611,2,2,3,4,3,5,2,3,2,6
2664x2023,5,6,5,4,4,4,3,2,3,4
2663x2832,4,3,6,5,4,5,5,7,3,6
2632x3265,7,2,2,4,4,5,2,7,3,6
2681x5790,3,5,7,6,6,3,4,5,5,5
2668x1379,5,6,4,5,4,4,5,6,3,4
2698x649,4,4,6,5,4,6,5,7,3,6
2707x2989,4,3,6,4,4,5,5,7,3,6
2727x6053,3,5,7,6,6,3,4,5,5,5
2738x872,4,4,6,5,4,6,5,7,3,6
2752x1540,5,6,4,5,4,4,5,4,3,4
2783x3889,2,2,6,4,4,5,5,7,2,6
2762x4456,2,2,3,3,3,3,2,3,2,3
2777x3358,7,3,2,4,4,5,5,4,3,6
2750x6307,3,5,7,6,6,3,4,5,5,5
2766x345,4,4,6,4,4,6,5,7,3,6
2759x1323,4,3,4,5,4,5,5,7,3,6
2736x4140,2,2,3,4,3,5,2,3,2,6
2832x3222,4,3,6,4,4,5,5,7,3,6
2862x2164,5,4,8,4,4,4,7,2,3,4
2853x6116,3,5,7,6,6,3,4,5,5,5
2853x1232,4,3,4,5,4,5,5,7,3,6
2849x4752,2,2,3,3,3,3,2,3,2,3
2869x672,4,4,6,5,4,6,5,7,3,6
2877x6303,3,5,7,6,6,3,4,5,5,5
2885x955,4,4,4,5,4,6,5,7,3,6
2930x1382,4,3,4,5,4,5,5,4,3,6
2917x1715,5,3,4,4,9,5,10,4,3,4
2954x5417,2,2,3,4,3,5,2,3,2,3
2925x2858,4,3,6,4,4,5,5,7,3,6
2949x4135,4,2,6,4,4,5,6,7,2,6
2959x5946,3,5,7,6,6,3,4,5,5,5
3001x570,4,3,6,5,4,5,5,4,3,6
2964x2382,5,6,2,4,2,5,3,6,6,4
3029x6124,3,5,7,6,6,3,4,5,5,5
3038x3690,7,2,2,4,2,5,3,4,6,4
2981x4312,4,3,6,4,4,5,5,7,2,6
3001x4589,2,2,3,3,3,5,2,7,2,6
3047x2992,4,3,6,4,4,5,5,7,3,6
3026x168,5,3,4,7,9,5,5,4,3,4
3035x2735,4,3,6,4,4,5,5,7,3,6
3055x1255,4,3,4,7,5,5,5,7,3,6
3045x5574,2,2,3,4,3,5,2,3,2,6
3127x3550,7,3,2,4,2,5,5,4,6,4
3109x991,4,3,6,7,4,5,5,7,3,6
3142x5223,4,2,6,4,3,5,5,7,2,6
3170x4419,4,3,6,5,4,5,5,7,3,6
3191x2032,5,6,8,7,9,8,3,2,6,4
3193x3278,4,3,6,4,4,5,5,7,3,6
3190x67,5,6,4,7,5,4,3,4,6,4
3210x5543,4,2,6,4,3,5,5,7,2,6
3178x6390,2,2,3,3,3,3,2,3,2,3
3203x2480,5,3,2,4,4,5,3,6,6,4
3217x1786,5,3,4,7,9,8,3,4,3,4
3165x1605,5,3,4,4,9,5,3,4,3,4
3254x647,4,8,6,7,4,5,5,4,3,6
3258x1076,5,8,5,7,5,5,3,8,6,9
3289x4106,8,9,9,5,7,9,6,6,7,8
3254x1284,4,3,5,7,5,5,3,8,3,6
3287x2225,5,6,4,4,4,5,5,6,6,4
3301x407,5,6,4,7,5,5,3,4,3,4
3263x2923,4,3,6,4,4,5,5,7,3,6
3325x3157,4,3,6,4,4,5,5,7,3,6
3354x3515,5,3,6,4,4,5,5,4,3,6
3325x6045,2,2,3,3,3,3,2,3,2,3
3364x1480,4,3,5,7,5,5,3,6,3,6
3380x4748,4,4,6,5,4,5,5,7,3,6
3366x4389,4,9,6,5,4,9,6,7,3,6
3403x238,6,8,4,7,5,4,3,6,3,4
3371x860,7,8,5,7,5,8,3,8,6,9
3388x5201,4,4,6,5,4,6,5,7,3,6
3403x1139,5,8,5,7,5,5,3,8,6,9
3456x617,7,6,4,7,5,8,3,4,8,4
3455x4948,4,4,6,5,4,6,5,7,3,6
3478x5885,4,2,6,5,4,5,5,7,3,6
3455x3940,8,9,9,5,7,9,6,6,7,8
3560x1126,7,6,5,7,5,7,3,4,6,4
3513x3509,4,3,6,4,4,5,5,4,3,6
3525x4249,8,9,9,5,7,9,6,6,7,8
3539x2725,8,9,4,5,4,9,6,6,3,6
3598x3920,8,9,9,5,7,9,6,6,7,8
3515x4106,8,9,9,5,7,9,6,6,7,8
3559x5192,4,4,6,5,4,6,5,7,3,6
3595x2939,4,3,6,5,4,5,5,7,3,6
3583x981,7,6,5,7,5,8,3,4,6,4
3582x5537,4,4,6,5,4,6,5,7,3,6
3635x3143,4,3,6,4,4,5,5,4,3,6
3628x3628,4,3,6,4,4,5,5,6,3,6
3619x1701,4,6,6,7,5,8,7,6,8,9
3602x2222,8,6,4,5,4,5,6,6,3,4
3657x4163,8,9,9,5,7,9,6,6,7,8
3665x1449,5,6,4,7,5,8,3,6,6,4
3682x6157,4,2,6,5,4,5,5,7,3,6
3643x112,6,8,8,7,5,4,7,6,8,9
3702x5289,4,4,6,5,4,6,5,7,3,6
3697x3465,4,3,6,4,4,5,5,4,3,6
3709x4779,4,4,6,5,4,6,5,7,3,6
3723x4545,4,9,4,5,4,5,5,7,3,6
3738x4020,8,9,9,5,7,9,6,6,7,8
3746x2408,8,9,4,5,4,9,6,6,3,4
3778x3306,4,3,6,4,4,5,5,4,3,6
3806x4345,8,9,9,5,7,9,6,6,7,8
3787x1828,5,6,4,7,5,8,7,6,8,9
3831x2123,5,8,4,7,4,8,7,6,3,9
3796x5486,4,4,6,5,4,6,5,7,3,6
3804x3702,8,3,6,4,4,5,6,6,3,6
3840x5169,4,4,4,7,4,6,5,7,3,4
3836x6012,4,2,6,5,4,6,5,7,3,6
3832x3041,5,3,4,4,4,5,5,4,3,4
3867x1566,5,6,4,7,5,8,3,6,6,4
3834x4986,4,4,6,7,4,6,5,7,3,9
3869x1172,7,6,4,7,5,8,3,4,6,4
3826x2771,8,9,4,5,4,9,6,6,3,4
3896x3910,8,9,9,5,7,9,6,6,7,8
3890x675,6,8,8,7,9,8,7,8,8,9
3911x4046,8,9,9,5,7,9,6,6,7,8
3894x197,6,8,8,7,5,8,7,6,8,9
3925x2545,5,6,4,5,4,4,3,6,3,4
3936x493,6,8,8,7,9,8,7,6,8,9
3959x939,7,6,8,7,5,8,3,8,6,4
4035x2905,5,6,4,5,4,4,3,6,3,4
4016x3267,6,8,8,7,4,5,7,8,3,9
3992x73,6,8,8,7,5,8,7,6,8,9
4000x358,6,8,8,7,5,8,7,6,8,9
4004x2373,6,8,8,7,5,8,7,8,8,9
4015x4988,6,8,8,7,5,8,7,4,8,9
4048x3718,8,9,9,5,7,9,6,6,7,8
4000x5637,4,4,6,5,4,6,5,7,3,6
4024x1341,5,6,8,7,5,8,3,6,6,4
4000x1947,5,6,5,7,5,4,10,6,3,4
4056x2718,5,6,4,5,4,4,3,6,3,4
4099x1151,5,6,8,7,4,8,3,6,6,4
4095x4021,8,9,9,5,7,9,6,6,7,8
4081x1490,5,6,4,7,5,8,3,6,6,4
4091x4648,7,8,4,7,5,8,3,4,2,4
4156x5281,6,8,8,7,5,8,7,8,8,9
4107x5920,4,4,6,5,4,6,5,7,3,6
4151x2300,6,8,8,7,5,8,7,8,8,9
4144x1655,5,6,5,7,5,8,3,6,6,4
4124x2032,6,8,8,7,5,8,7,8,8,9
4148x4942,6,8,4,7,5,8,7,4,8,9
4181x141,6,8,8,7,5,8,7,6,8,9
4237x4536,7,8,4,7,5,8,3,4,2,4
4185x4791,7,8,4,7,5,8,7,4,8,9
4244x1325,5,6,8,7,4,8,3,6,6,4
4243x1800,5,6,5,7,5,8,3,6,6,4
4225x1013,5,6,8,7,4,8,3,6,6,4
4259x1532,5,6,5,7,5,8,3,6,6,4
4260x2060,7,6,8,7,5,8,3,8,8,4
4246x2764,5,8,8,7,5,8,3,8,8,4
4223x3477,6,8,8,7,5,8,7,8,8,9
4242x3944,8,9,9,5,7,9,6,6,7,8
4272x4111,8,6,9,9,9,9,6,6,7,8
4257x6184,4,4,6,5,4,6,5,7,3,6
4305x2433,6,8,8,7,5,8,7,8,8,9
4329x2615,6,8,8,7,5,8,7,8,8,9
4356x5018,6,8,8,7,5,8,7,8,8,9
4352x2301,6,8,8,7,5,8,7,8,8,9
4335x3186,6,8,8,7,5,8,7,8,8,9
4326x221,6,8,8,7,5,8,7,6,8,9
4372x952,5,6,8,5,4,8,3,6,3,4
4408x1718,7,6,5,7,5,8,3,4,6,4
4384x2969,6,8,8,7,5,8,7,8,8,9
4410x1265,5,6,8,7,4,8,3,6,6,4
4412x3366,6,8,8,7,5,8,7,8,8,9
4359x4303,6,8,8,7,5,8,7,6,8,9
4411x2011,7,6,5,7,5,8,3,8,6,4
4442x5438,5,6,4,5,5,6,3,7,3,4
4453x1550,5,6,4,7,5,8,3,6,6,4
4456x6137,4,4,6,5,4,6,5,7,3,6
4434x5865,4,4,6,5,4,6,5,7,3,6
4470x2600,6,8,8,7,5,8,7,8,8,9
4440x6523,4,4,6,5,4,6,5,7,3,6
4461x6335,4,4,6,5,4,6,5,7,3,6
4533x267,6,8,8,7,5,8,7,6,8,9
4553x1880,7,6,5,7,5,8,3,4,6,4
4568x2033,7,6,5,7,5,7,3,10,6,4
4540x2178,7,6,5,7,5,7,3,8,6,4
4550x591,6,8,8,7,5,8,7,8,8,9
4581x4791,6,8,8,7,5,8,7,8,8,9
4600x5110,6,8,8,7,5,8,7,8,8,9
4591x1113,5,6,8,5,4,4,10,6,3,4
4569x2805,6,8,8,7,5,8,7,8,8,9
4607x3591,6,8,8,7,5,8,7,8,8,9
4645x3786,6,8,8,7,5,8,7,8,8,9
4571x4499,6,8,8,7,5,8,7,8,8,9
4602x5830,4,4,4,5,4,6,5,7,3,6
4668x2568,6,8,8,7,5,8,7,8,8,9
4605x4113,6,8,8,7,5,8,7,8,8,9
4649x2340,6,8,8,7,5,8,7,8,8,9
4660x6099,4,4,6,5,4,6,5,7,3,6
4639x5451,4,4,4,5,4,6,5,7,3,6
4696x1321,5,6,4,7,4,4,3,6,6,4
4728x467,6,8,8,7,5,8,3,6,8,4
4740x5765,4,4,4,5,4,6,5,7,3,6
4767x4775,6,8,8,7,5,8,7,8,8,9
4758x5513,4,4,4,5,4,6,5,7,3,6
4729x3461,6,8,8,7,5,8,7,8,8,9
4749x77,5,6,5,7,8,7,3,6,6,4
4843x4187,6,8,8,7,5,8,7,8,8,9
4806x2217,5,6,4,9,9,7,3,6,6,4
4826x623,6,8,8,7,5,8,7,6,8,9
4757x6474,4,4,6,5,4,6,5,7,3,9
4851x5583,4,4,4,5,4,6,5,7,3,6
4839x453,5,6,8,7,5,8,7,6,6,4
4834x802,6,8,8,7,5,8,7,8,8,9
4889x4414,6,8,8,7,5,8,7,8,8,9
4879x2957,6,8,8,7,5,8,7,8,8,9
4939x1376,5,8,5,7,5,4,3,8,3,9
4878x5997,4,4,4,7,4,6,5,7,3,6
4895x194,5,6,5,8,8,7,3,6,6,4
4876x3668,6,8,4,7,5,8,7,6,8,9
4901x1679,5,6,4,5,5,4,3,10,3,4
4922x5842,4,4,4,7,4,6,5,7,3,6
4964x4957,6,8,8,7,5,8,7,8,8,9
4924x3496,5,6,4,7,9,4,3,6,6,4
4935x6168,6,8,8,7,5,8,7,8,8,9
4956x376,5,6,5,7,8,7,3,6,6,4
4970x891,6,8,8,7,5,8,7,8,8,9
4983x1564,5,6,5,7,5,4,3,8,3,9
4928x2030,5,6,4,5,8,4,3,10,3,4
4958x2301,5,8,4,5,9,4,3,6,3,4
4974x5673,4,4,4,7,4,6,5,7,3,6
4988x1165,6,8,8,7,5,4,7,8,8,9
5018x4663,5,8,4,7,5,8,7,8,6,9
5041x3123,5,6,4,7,9,7,3,6,6,4
5039x135,5,6,5,8,8,7,3,6,6,4
5025x1873,5,6,4,5,8,4,3,6,3,4
5114x5332,4,4,4,7,4,6,5,8,3,6
5052x3456,5,6,4,9,9,4,3,6,6,4
5092x749,6,8,8,7,5,8,7,6,8,4
5087x2041,5,6,4,5,8,4,3,6,3,4
5093x2447,5,6,4,9,9,7,10,6,6,4
5140x4655,6,8,4,7,5,8,7,8,8,9
5087x4141,6,8,8,7,5,8,7,8,8,9
5124x6033,6,8,8,7,5,8,7,8,8,9
5147x5131,6,8,8,7,5,8,7,8,8,9
5135x2663,5,6,4,7,9,7,3,6,6,4
5144x3400,5,6,4,5,9,4,3,6,6,4
5154x934,6,8,8,7,5,8,7,8,8,9
5236x497,5,6,4,7,8,4,3,6,6,4
5178x1962,5,6,4,5,8,4,3,6,3,4
5171x6326,6,8,8,7,5,8,7,8,8,9
5212x1481,6,8,5,7,5,4,3,8,8,9
5217x3635,5,6,4,9,9,7,3,6,6,4
5188x185,5,6,4,8,8,4,3,6,6,4
5186x6539,6,8,8,7,5,8,7,8,8,9
5263x3369,5,6,5,9,9,7,3,6,6,4
5235x2914,6,6,8,7,5,4,7,6,6,9
5268x1710,5,6,4,5,8,4,3,6,3,4
5276x1912,5,6,4,5,8,4,3,6,3,4
5224x3853,6,8,8,7,5,8,7,8,8,9
5259x4019,6,8,8,7,5,8,7,8,8,9
5318x252,5,6,4,8,8,4,3,6,6,4
5323x6014,6,3,8,7,5,8,7,8,8,9
5301x3140,5,6,5,7,9,7,3,6,6,4
5333x980,6,8,8,7,5,8,7,8,8,9
5327x4565,6,8,4,7,5,8,7,8,8,4
5333x5168,6,8,8,7,5,8,7,8,8,9
5310x1106,6,8,8,7,5,4,7,8,8,9
5392x2208,5,6,4,9,9,7,3,6,6,4
5358x4234,6,8,8,7,5,8,7,8,8,9
5383x2974,5,6,5,7,5,4,3,6,6,4
5411x2360,5,6,4,9,9,7,3,6,6,4
5394x2522,5,6,4,9,9,7,10,6,6,4
5387x5343,6,8,8,7,5,8,7,8,8,9
5379x1247,6,8,8,7,5,4,7,8,8,9
5457x2720,5,6,5,8,9,7,3,6,6,4
5448x3084,5,6,5,8,11,10,9,9,10,4
5449x91,6,8,8,7,5,8,7,8,8,9
5426x1987,5,6,5,9,8,7,3,6,6,4
5450x3822,7,6,4,7,5,7,10,8,6,4
5459x3245,5,6,5,8,8,7,3,6,6,4
5382x5676,6,3,8,7,5,8,7,8,8,9
5502x836,5,6,4,7,8,4,3,6,6,4
5529x5741,6,3,10,7,9,4,3,8,3,9
5544x3587,7,6,5,9,8,7,3,6,6,4
5561x5546,6,3,8,7,9,8,3,8,8,4
5579x3979,6,8,8,7,5,8,7,8,8,9
5572x1180,6,8,8,7,5,4,7,8,8,9
5584x5972,6,3,10,7,5,1,8,8,4,9
5590x1871,5,6,5,9,9,7,10,6,6,4
5636x6494,6,8,8,7,5,8,7,8,8,9
5606x113,6,8,8,7,5,8,7,8,8,9
5586x2061,5,6,5,9,9,7,10,6,6,4
5568x4879,6,8,8,7,5,8,7,8,8,9
5615x5345,6,8,8,7,5,8,7,8,8,9
5613x1701,5,6,5,9,8,7,3,6,6,4
5649x5868,6,3,10,7,9,4,3,8,6,9
5655x3238,11,7,5,8,8,7,3,10,6,4
5681x575,5,6,4,8,8,4,3,6,6,4
5694x2130,5,6,5,9,9,7,10,6,6,4
5699x3485,5,6,5,8,8,7,3,10,6,4
5720x4929,4,4,6,5,4,5,5,7,3,6
5702x2610,7,6,5,9,9,7,3,10,6,7
5758x4447,5,6,8,9,4,8,7,6,6,4
5745x194,6,8,8,7,5,8,7,8,8,9
5816x5967,6,3,8,7,5,8,7,8,8,9
5798x3798,6,6,8,7,5,8,7,8,8,9
5742x4044,6,8,8,7,5,8,7,8,8,9
5801x2354,7,6,5,9,9,7,10,10,6,7
5806x1995,7,6,5,9,9,7,10,6,6,4
5783x4191,6,8,8,7,5,8,7,8,8,9
5798x1832,7,6,5,9,9,7,10,6,6,4
5819x1492,6,6,8,7,5,8,7,8,6,9
5826x757,5,6,4,8,8,4,3,6,6,4
5849x1303,6,6,8,7,5,4,7,8,8,9
5853x559,5,3,4,7,9,4,3,8,8,4
5884x2598,11,7,5,10,9,7,8,10,6,7
5866x2897,11,7,5,10,11,7,3,10,9,7
5814x4670,5,4,4,5,4,5,7,7,3,9
5809x961,5,6,4,8,8,4,3,6,6,4
5909x2226,7,6,5,9,9,7,10,10,6,7
5901x5338,7,3,5,4,9,5,3,4,3,4
5896x168,6,8,8,7,5,8,7,8,8,9
5908x407,6,3,8,7,9,4,3,8,3,9
5865x5636,5,3,5,9,9,4,3,8,3,4
5888x6136,6,6,4,7,5,8,3,8,8,9
5973x3340,5,6,5,8,8,7,3,10,6,4
5911x3038,11,7,11,10,11,7,9,10,9,7
5925x3713,6,8,8,7,5,8,7,8,8,9
5948x1707,7,6,8,7,9,8,10,6,6,4
5993x2471,7,6,5,9,9,7,3,10,6,7
6019x4326,5,6,8,9,4,7,10,6,6,4
5965x5125,7,2,2,4,2,5,3,4,3,6
5984x6386,6,8,8,7,5,8,7,8,8,9
6025x2721,11,7,5,10,10,7,3,10,9,7
6013x559,5,3,4,8,9,4,3,2,3,4
6085x1775,7,6,8,9,9,8,10,4,6,4
6040x3954,6,8,8,7,5,8,7,8,8,9
6096x4794,4,4,6,5,4,5,5,7,3,6
6088x794,6,6,8,7,9,4,7,2,8,9
6085x1967,7,6,5,9,9,7,10,4,6,7
6156x2183,7,6,4,9,9,7,10,4,6,7
6113x1179,6,6,8,7,5,4,7,8,8,9
6092x6007,7,6,4,9,5,7,3,4,6,4
6108x6133,7,6,4,9,5,7,3,4,6,4
6146x6344,7,6,4,7,5,8,3,4,6,4
6156x2828,11,7,11,10,10,7,9,10,9,7
6130x1569,7,6,8,7,5,8,7,8,6,9
6195x4581,5,6,5,5,4,7,3,6,3,7
6198x5208,7,2,2,4,9,5,3,4,6,7
6178x1382,6,8,8,7,5,8,7,8,8,9
6187x5808,7,6,4,9,5,7,3,4,6,4
6235x1853,7,6,4,9,9,7,10,4,6,4
6232x5974,7,6,4,7,5,7,3,4,6,4
6210x631,6,8,8,7,9,4,7,2,3,9
6288x853,6,8,8,7,9,4,7,2,8,9
6307x4064,8,6,9,9,7,7,6,6,6,7
6271x420,6,3,8,9,9,4,10,2,3,9
6303x2808,9,6,11,10,11,7,9,10,10,10
6280x4778,5,8,5,9,4,4,3,8,3,4
6224x3399,11,7,5,8,8,4,3,10,6,4
6335x1600,7,6,4,9,9,8,10,4,6,4
6340x1974,7,6,4,9,9,7,10,4,3,7
6346x5909,7,6,4,7,5,7,3,4,6,4
6336x2494,5,6,5,9,9,7,3,10,9,7
6410x1164,6,8,8,7,9,4,7,2,8,9
6397x4394,8,6,5,9,9,7,10,6,6,7
6473x5276,5,6,4,5,4,7,5,4,3,4
6445x943,6,8,8,7,9,4,7,2,8,9
6480x2053,7,6,4,9,9,7,10,4,3,7
6482x3285,5,6,8,9,8,4,3,8,6,4
6539x904,5,8,4,7,8,4,3,2,3,9
6507x4885,5,6,4,9,5,7,3,4,3,4
6554x3722,6,8,8,7,9,8,10,8,8,9
6551x4199,8,6,5,9,9,7,10,6,6,7
6536x602,6,8,4,7,9,4,7,2,3,9
6602x4466,5,6,5,9,9,7,10,6,6,7
6587x1330,6,6,8,9,9,4,10,2,3,4
6636x5138,5,8,4,5,4,4,5,4,3,4
6661x3360,6,6,8,9,9,8,10,8,6,4
6659x1919,5,6,4,9,9,7,10,4,3,7
6680x472,5,6,4,8,9,4,3,2,3,1
6703x935,5,6,4,8,8,4,3,2,3,4
6639x4640,5,6,8,9,9,4,10,8,6,4
6671x2502,5,6,5,9,9,7,10,6,6,4
6748x1303,6,6,4,9,9,4,10,2,3,4
6740x6295,6,8,8,7,5,8,7,8,8,9
6731x1709,5,6,4,9,9,4,10,4,3,7
6744x2301,5,6,5,9,9,7,10,4,9,7
6776x3036,5,6,8,9,9,7,10,6,6,4
6725x5468,5,6,4,5,4,4,5,4,3,4
6792x1208,5,6,4,8,9,4,3,2,3,4
6778x1483,5,6,4,9,9,4,10,2,3,10
6777x4498,5,6,4,9,9,4,10,6,6,4
6812x5727,5,6,4,9,4,4,10,2,3,7
6775x593,5,6,4,8,8,4,3,2,3,4
6851x1827,5,6,4,9,9,4,10,4,3,7
6812x2844,5,6,4,9,9,7,10,6,6,4
6801x3193,5,6,8,9,9,7,10,8,6,4
6787x4074,8,6,4,9,9,4,10,6,3,12
6843x5427,5,6,4,5,4,4,5,4,3,4
6807x2682,5,6,5,9,9,7,10,6,6,4
6800x6478,5,6,8,7,5,4,7,6,3,4
6867x600,5,6,4,8,9,4,3,2,3,4
6857x3481,6,8,8,9,9,8,10,8,6,4
6934x5074,6,8,8,7,5,4,7,8,3,9
6860x818,5,6,4,8,8,4,3,2,3,4
6887x3674,6,8,8,7,9,8,10,8,6,4
6893x2064,5,6,5,9,9,7,10,4,9,7
6908x4381,5,6,4,9,9,4,10,6,6,4
6966x2781,5,6,4,9,9,7,10,7,3,7
6954x1072,5,6,5,8,8,4,3,2,3,4
6973x3309,5,6,4,9,9,7,10,8,6,4
6990x461,11,7,4,10,11,4,3,9,3,1
6986x5247,6,8,8,7,4,4,7,2,3,9
6998x634,5,6,4,8,8,4,3,2,3,1
6974x2444,5,6,5,9,9,7,10,10,9,7
7020x3603,6,6,8,9,9,4,10,4,6,4
7030x3989,5,6,8,9,9,4,10,4,3,4
6991x2247,5,6,5,9,10,7,3,10,9,7
7024x891,5,6,5,8,8,4,3,2,3,4
6981x4674,5,6,4,9,9,4,3,6,3,4
6999x6251,6,6,8,5,5,4,7,6,3,4
7045x197,9,7,11,10,11,10,9,9,10,10
7044x3049,5,6,4,9,9,7,10,6,6,4
7122x416,9,7,11,10,11,10,9,9,9,10
7085x2673,5,6,4,9,9,7,10,4,3,7
7110x4547,5,6,4,9,9,4,3,6,3,4
7139x5833,5,6,4,9,9,7,10,6,3,7
7161x1005,11,7,5,8,8,4,3,10,3,4
7204x774,11,7,5,10,8,10,9,9,9,10
7215x2682,5,6,4,9,9,7,10,4,3,7
7183x5535,5,6,8,7,9,4,10,8,3,4
7168x6500,5,6,5,9,8,4,3,2,3,4
7223x267,9,7,11,10,11,10,9,9,10,10
7213x2350,5,6,5,9,10,7,3,10,9,7
7217x2102,5,6,5,9,10,7,3,10,9,7
7215x3064,4,6,4,9,4,7,10,7,3,7
7226x4662,5,6,5,8,8,4,3,10,3,4
7255x5179,6,8,8,7,5,4,7,8,6,9
7284x85,11,7,11,10,8,7,9,10,9,7
7262x476,9,7,11,10,11,10,9,9,10,10
7252x1100,11,7,5,8,8,10,3,10,9,10
7302x1709,5,6,5,9,8,4,3,2,3,4
7269x1825,5,6,5,9,10,7,3,6,3,4
7296x2824,5,6,4,8,9,7,10,4,3,7
7406x3123,5,6,4,9,9,7,10,4,3,7
7328x5458,5,6,8,7,9,8,7,8,6,4
7343x909,11,7,11,8,8,11,9,10,9,11
7449x1158,11,7,11,8,8,11,9,10,9,11
7351x2080,5,6,5,9,10,7,3,10,9,7
7334x3828,5,6,5,9,9,4,10,6,6,4
7356x473,11,7,11,10,11,10,9,10,9,10
7377x2288,5,6,5,9,8,7,3,4,9,7
7402x3502,5,6,5,9,9,4,3,4,9,4
7362x4893,5,6,5,8,8,4,3,10,9,4
7361x5991,5,6,4,9,9,4,3,6,3,4
7458x4167,5,6,5,8,9,11,3,10,9,7
7412x5866,5,6,4,9,9,4,3,6,3,4
7463x426,11,7,11,10,8,7,9,10,9,7
7396x5638,5,6,4,9,9,4,10,6,3,4
7466x4826,5,6,5,8,8,4,3,10,9,4
7460x4513,5,6,5,8,8,4,3,10,9,4
7480x5284,5,6,5,7,9,4,3,8,6,4
7477x5743,5,6,4,9,9,4,10,6,3,4
7517x177,11,7,5,8,8,7,3,10,9,7
7495x2052,5,6,5,9,8,7,3,10,9,4
7520x3705,9,11,11,5,12,10,12,12,10,10
7517x5480,5,6,8,7,9,8,7,8,6,4
7528x684,9,7,11,10,8,11,9,10,9,7
7579x2306,5,6,5,8,8,7,3,4,9,4
7543x2643,11,7,5,10,8,4,3,4,3,7
7537x6370,5,6,5,5,8,4,3,2,3,4
7587x4652,5,6,5,8,8,4,3,10,9,4
7600x4893,5,6,5,8,8,4,3,10,9,4
7614x2795,5,6,5,8,8,4,3,4,3,4
7636x6540,5,6,5,5,8,4,3,2,3,4
7642x1460,9,7,11,10,11,10,9,9,10,10
7643x2006,11,7,11,10,8,10,9,9,9,7
7617x5072,5,6,5,8,8,4,3,10,9,4
7624x5464,5,6,5,8,9,4,3,8,6,4
7628x5239,5,6,5,7,8,4,3,8,6,4
7654x5954,5,6,4,5,8,4,3,2,3,4
7686x1701,11,7,5,8,8,10,9,9,9,10
7672x6089,5,6,4,8,8,4,3,2,3,4
7689x704,9,7,12,10,8,11,11,11,9,11
7690x861,9,10,12,11,8,11,11,11,10,11
7669x4314,5,6,5,8,10,11,3,10,9,7
7707x6381,5,6,4,5,8,4,3,2,3,4
7715x3244,7,6,5,8,8,7,3,4,9,7
7738x4064,5,6,5,8,10,11,3,10,9,7
7777x4212,5,6,5,8,10,11,3,10,9,7
7708x1020,9,10,12,11,11,11,11,11,10,11
7765x2177,9,7,11,10,11,10,9,10,9,10
7776x4573,5,6,5,8,11,11,3,9,9,10
7851x5945,5,6,5,5,9,4,3,6,10,4
7789x301,11,7,5,8,8,7,9,10,9,7
7799x3095,7,6,5,8,8,7,3,4,9,7
7825x2724,11,7,5,8,8,7,3,4,9,7
7844x1741,9,7,11,10,11,10,9,9,10,10
7850x2552,9,7,11,10,11,10,9,10,10,10
7828x3416,7,6,5,9,8,7,3,4,9,7
7824x4404,9,6,5,8,11,11,9,9,9,10
7811x1291,9,7,11,10,11,11,9,11,11,11
7820x602,9,7,11,10,11,11,9,11,10,11
7896x3161,7,6,5,8,8,7,3,4,9,7
7868x58,11,7,5,8,8,7,3,10,9,7
7895x1893,9,7,11,10,11,10,9,9,10,10
7870x4890,11,7,5,8,10,4,3,10,9,4
7863x2365,9,7,11,10,11,10,9,9,10,10
7931x855,9,10,12,11,11,11,11,11,11,11
7863x5172,11,7,5,8,10,4,3,10,9,4
7924x2051,9,7,11,10,11,10,9,9,10,10
7926x3354,7,6,5,9,8,7,3,4,9,7
7947x435,9,7,11,10,11,11,9,9,10,11
7919x2987,7,7,5,8,8,7,3,4,9,7
7988x1375,9,10,12,10,11,11,9,9,11,11
7987x2209,9,7,11,10,11,10,9,9,10,10
7983x4615,9,7,11,10,11,10,9,9,10,10
7972x6479,5,6,5,8,9,4,3,9,10,4
7986x123,11,7,5,8,11,7,3,10,9,7
8008x5135,11,7,5,8,10,7,3,10,9,7
8008x704,9,10,12,11,11,11,11,11,10,11
8045x2994,7,7,5,8,8,7,3,4,9,7
8037x997,9,10,12,11,11,11,11,11,11,11
8000x5024,11,7,5,8,10,7,3,10,9,7
8030x6140,5,6,5,5,9,4,3,6,6,4
8046x2594,9,7,11,10,11,10,9,9,10,10
8046x2762,9,7,11,10,11,11,9,11,10,10
8030x3609,7,6,5,9,8,7,10,4,9,7
8032x5781,11,7,5,9,9,4,3,6,9,4
8068x2368,9,7,11,10,11,10,9,9,10,10
8069x4486,9,7,11,10,11,10,9,9,10,10
8070x1192,9,10,12,11,11,11,11,11,11,11
8124x1052,9,10,12,11,11,11,11,11,11,11
8037x3847,5,6,5,9,8,7,3,6,9,7
8095x4340,9,7,11,10,11,10,9,9,10,10
8144x806,9,10,12,11,11,11,11,11,11,11
8149x5456,11,7,5,10,10,7,3,10,9,7
8152x5643,11,7,5,9,10,7,3,6,9,7
8205x2801,9,7,11,10,11,11,9,11,10,10
8164x1403,9,10,12,11,11,11,11,11,11,11
8196x2940,9,7,11,10,11,11,9,11,10,10
8216x4622,9,7,11,10,11,10,9,9,10,10
8201x4795,11,7,5,10,10,10,9,10,9,7
8200x5842,11,7,5,9,10,7,3,6,9,7
8203x2228,9,7,11,10,11,10,9,9,10,10
8198x6433,5,6,5,9,9,4,10,6,6,4
8206x87,9,7,11,10,11,7,9,10,10,10
8225x3448,7,6,5,9,8,7,10,4,9,7
8173x250,9,7,11,10,11,10,9,10,10,10
8233x2637,9,7,11,10,11,10,9,9,10,10
8228x5081,11,7,5,10,10,7,3,10,9,7
8248x5370,11,7,5,10,10,7,3,10,9,7
8240x4000,9,7,11,10,11,10,9,9,9,10
8184x1534,9,7,11,10,11,10,9,9,10,10
8240x1045,9,10,12,11,11,11,11,11,11,11
8249x1258,9,10,12,11,11,11,11,11,11,11
8255x2388,9,7,11,10,11,10,9,9,10,10
8292x4920,11,7,5,10,10,7,3,10,9,7
8290x4147,9,7,11,10,11,10,9,9,10,10
8305x5229,11,7,5,10,10,7,3,10,9,7
8342x4406,9,7,11,10,11,10,9,9,10,10
8330x5908,5,6,5,9,10,7,3,6,9,7
8342x976,9,10,12,11,11,11,11,11,11,11
8356x2203,9,7,11,10,11,10,9,9,9,10
8395x1095,9,10,12,11,11,11,11,11,11,11
8396x1327,9,10,12,11,11,11,11,11,11,11
8368x613,9,10,12,11,11,11,11,11,10,11
8379x6204,5,6,5,9,9,7,10,6,6,4
8344x3255,7,6,11,8,8,11,9,4,9,7
8404x2037,9,7,11,10,11,10,9,10,9,10
8440x1834,11,7,11,8,8,10,8,10,9,7
8433x2626,9,7,11,10,11,10,9,9,10,10
8435x1542,9,7,11,10,11,11,9,9,10,10
8456x1423,9,7,11,10,11,11,9,9,10,10
8461x4962,11,7,5,10,10,10,9,10,10,7
8450x5305,11,7,5,10,10,7,9,10,9,7
8459x1205,9,10,12,11,11,11,11,11,11,11
8466x953,9,10,12,11,11,11,11,11,11,11
8484x4249,9,7,11,10,11,10,9,9,10,10
8497x3069,9,7,11,10,11,11,9,9,10,10
8457x2803,9,7,11,10,11,10,9,9,10,10
8489x4730,9,7,5,10,10,10,9,9,10,10
8490x2449,9,7,11,10,8,10,9,10,10,10
8463x5668,5,6,5,9,10,7,3,10,9,7
8538x1676,9,7,11,10,11,10,9,9,10,10
8502x5868,5,6,5,9,10,7,3,6,6,7
8542x6176,5,6,5,9,10,7,10,6,11,7
8541x475,9,10,12,11,11,11,11,11,10,11
8560x2290,11,7,5,8,8,7,3,10,9,7
8544x4022,9,7,11,10,11,10,9,9,10,10
8560x1015,9,10,12,11,11,11,11,11,10,11
8550x738,9,10,12,11,11,11,11,11,10,11
8530x114,9,10,12,10,11,11,11,11,10,11
8596x2091,11,7,5,8,8,7,3,10,9,7
8603x1912,11,7,11,8,8,7,3,10,9,7
8611x5602,5,6,5,9,10,11,3,10,9,7
8615x2777,9,7,5,10,11,10,9,9,10,10
8644x1427,9,7,11,10,11,10,9,9,10,10
8631x5146,7,7,5,10,10,7,9,10,9,7
8672x5332,7,7,5,10,10,7,9,10,9,7
8661x934,9,10,12,11,11,11,11,11,10,11
8684x774,9,10,12,11,11,11,11,11,10,11
8683x2953,9,7,11,10,11,10,9,9,10,10
8738x3824,11,7,11,10,10,10,9,10,9,7
8757x5850,5,6,5,9,10,11,9,10,11,7
8760x538,9,10,12,11,11,11,11,11,10,11
8752x5607,5,6,5,9,10,11,3,10,9,7
8800x1526,9,7,11,10,11,10,9,9,10,10
8755x1823,11,7,5,8,11,10,3,10,9,10
8784x6231,11,7,5,10,10,7,3,10,11,7
8791x924,9,10,12,11,11,11,11,11,10,11
8830x1310,9,7,11,10,11,10,9,9,10,10
8832x5076,7,6,5,10,10,7,9,4,9,7
8843x2059,11,7,5,8,8,7,3,10,9,7
8893x3594,11,7,11,10,10,10,8,10,9,7
8827x4151,9,7,11,10,11,10,9,10,10,10
8848x314,9,10,12,12,11,10,11,11,10,11
8839x748,9,10,12,11,11,11,11,11,10,11
8899x3463,11,7,11,10,11,10,8,10,9,7
8885x3134,11,7,11,10,11,10,9,10,9,7
8888x5683,5,6,5,10,11,11,9,9,10,10
8946x88,12,10,12,12,11,12,12,11,12,12
8930x4519,9,7,11,10,11,10,9,10,10,10
8907x3931,11,7,11,10,10,10,9,10,9,7
8927x6239,11,7,5,10,10,7,3,10,11,7
8932x1655,9,7,11,10,11,10,9,9,10,10
8936x4086,9,7,11,10,11,10,9,10,10,10
8962x806,9,11,12,12,12,12,12,12,12,12
8920x3280,11,7,11,10,11,10,8,10,9,7
8939x2833,11,7,11,10,11,10,9,10,10,10
8922x5355,7,6,5,10,11,7,9,10,10,7
9013x2062,11,7,5,8,8,7,3,10,9,7
9033x4195,9,7,11,10,11,10,9,10,10,7
9064x3040,11,7,11,10,11,10,9,9,10,10
9070x1384,9,7,11,10,11,10,9,9,10,10
9064x1843,11,7,5,8,8,7,3,10,9,7
9139x5356,9,7,11,10,11,10,9,9,10,10
9089x6157,9,7,11,10,11,10,9,10,10,10
9085x6395,11,7,11,10,11,7,9,10,10,7
9120x378,12,7,11,12,12,12,12,12,10,12
9132x868,12,11,10,12,12,12,12,12,12,12
9121x1202,9,7,10,10,11,10,9,9,9,10
9155x5902,9,7,11,10,11,10,9,9,10,10
9128x3538,11,7,11,10,11,10,9,10,10,10
9143x3884,11,7,11,10,10,10,9,10,9,7
9166x4979,11,7,11,10,11,10,9,9,9,10
9153x4117,11,7,11,10,11,10,9,10,10,7
9157x4348,9,7,11,10,11,10,9,9,10,10
9186x6519,9,7,11,10,11,7,9,10,10,10
9244x796,12,11,10,12,12,12,12,12,12,12
9226x3671,11,7,11,10,11,10,9,10,9,7
9227x5628,9,7,11,10,11,10,9,9,10,10
9249x4027,11,7,11,10,11,10,9,10,9,7
9226x576,12,11,10,12,12,12,12,12,12,12
9250x4533,9,7,11,10,11,10,9,9,10,10
9267x3812,11,7,11,10,8,10,9,10,9,7
9310x1451,9,7,11,10,11,10,9,9,10,10
9350x1162,12,11,10,10,12,10,9,9,12,12
9306x3470,9,7,11,10,11,10,9,9,10,10
9311x5858,9,7,11,10,11,10,9,9,10,10
9344x2557,11,7,11,10,12,10,8,9,9,7
9311x2210,11,7,5,10,12,7,8,2,9,7
9375x6273,9,7,11,10,11,10,9,9,10,10
9353x2832,11,7,11,10,11,10,9,9,10,10
9397x6117,9,7,11,10,11,10,9,9,10,10
9400x75,9,7,11,10,11,10,9,9,10,10
9383x803,12,11,10,12,12,12,12,12,12,12
9389x3044,11,7,11,10,11,10,9,9,10,10
9388x3977,11,7,11,10,8,10,8,10,9,7
9408x4955,11,7,11,8,11,10,3,9,9,10
9409x1853,11,7,5,10,12,7,3,2,9,7
9395x5560,9,7,11,10,11,10,9,9,10,10
9407x5715,9,7,11,10,11,10,9,9,10,10
9402x3356,9,7,11,10,11,10,9,9,10,10
9425x4830,11,7,11,10,11,10,9,9,10,10
9451x2049,11,7,5,10,12,7,8,2,9,7
9455x641,12,11,10,12,12,12,12,12,12,12
9485x3484,9,7,11,10,11,10,9,9,10,10
9478x1639,9,7,11,10,12,10,9,9,10,10
9504x2487,11,7,5,10,12,10,8,9,9,7
9469x3768,11,7,11,10,8,10,9,10,9,7
9581x2272,11,7,5,10,12,10,8,12,9,7
9547x3261,9,7,11,10,11,10,9,9,10,10
9531x4023,11,7,11,10,8,10,9,10,9,7
9511x6157,11,7,11,10,11,10,8,10,9,7
9514x4702,9,7,11,10,11,10,9,9,10,10
9531x153,9,7,11,10,11,10,9,9,10,10
9557x5066,9,7,11,10,11,10,9,9,10,10
9556x1049,12,11,11,12,12,12,9,12,12,12
9551x3131,9,7,11,10,11,10,9,9,10,10
9520x3623,9,7,11,10,11,10,9,9,10,10
9562x5979,9,7,11,10,11,10,9,10,9,7
9595x1502,9,7,11,10,12,10,9,9,10,10
9479x336,9,7,11,10,12,12,9,9,10,10
9640x3805,11,7,11,10,8,10,9,10,9,7
9624x5589,9,7,11,10,11,10,9,9,10,10
9600x2877,9,7,11,10,11,10,9,9,10,10
9629x595,12,11,10,12,12,12,12,12,12,12
9553x4213,11,7,11,10,11,10,8,10,9,7
9632x1310,9,7,11,10,12,10,9,9,10,10
9596x2709,9,7,11,10,11,10,9,9,10,10
9653x4857,9,7,11,10,11,10,9,9,10,10
9656x1728,9,7,11,10,12,10,9,9,10,10
9711x4170,11,7,11,10,11,10,9,10,9,10
9743x808,12,11,10,12,12,12,12,12,12,12
9727x2531,11,7,11,10,12,10,8,12,9,10
9672x3399,9,7,11,10,11,10,9,9,10,10
9714x335,12,7,11,10,12,12,12,12,12,12
9751x5867,9,7,11,10,11,10,8,9,9,7
9738x3642,9,7,11,10,11,10,9,9,10,10
9766x5379,11,7,11,10,8,4,9,10,9,7
9774x6516,9,7,11,10,11,10,9,9,10,10
9764x4534,9,7,11,10,11,10,9,9,10,10
9838x602,12,11,10,12,12,12,12,12,12,12
9784x2084,12,11,10,12,12,12,12,12,12,12
9827x6131,11,7,11,10,11,10,8,9,9,10
9849x1012,12,11,10,12,12,12,12,12,12,12
9854x3139,9,7,11,10,11,10,9,9,10,10
9916x1155,11,11,11,12,12,12,12,12,9,12
9834x1854,9,7,11,10,12,10,9,9,10,10
9868x3629,9,7,11,10,11,10,9,9,10,10
9868x1694,9,7,11,10,11,10,9,9,10,10
9894x4564,9,7,11,10,11,10,9,9,10,10
9929x1933,12,11,10,12,12,12,12,12,12,12
9888x1469,9,7,11,10,11,10,9,9,10,10
9942x5457,11,7,11,10,8,7,9,10,9,7
9973x3029,12,7,10,12,12,12,12,12,12,12
9936x4060,9,7,11,10,11,10,9,9,10,10
9969x6336,9,7,11,10,11,10,9,9,10,10
9980x3803,9,7,11,10,11,10,9,9,10,10
9927x4814,9,7,11,10,11,10,9,9,10,10
9954x6488,9,7,11,10,11,10,9,9,10,10
9934x2421,12,11,10,12,12,12,12,12,12,12
9969x3404,9,7,11,10,11,10,9,9,10,10
9964x5705,11,7,11,10,8,7,9,10,9,7
9986x919,12,11,5,12,12,12,12,12,12,12
10005x4645,9,7,11,10,11,10,9,9,10,10
10031x4359,9,7,11,10,11,10,9,9,10,10
10076x5061,11,7,5,10,8,7,9,10,9,7
10048x5349,11,7,11,10,8,7,9,10,9,7
10033x3594,9,7,11,10,11,10,9,9,10,10
10044x4203,9,7,11,10,11,10,9,9,10,10
10090x1435,9,7,11,10,12,10,9,9,10,10
10074x1786,9,7,11,10,12,10,9,9,10,10
10143x524,5,7,4,10,9,4,10,12,11,12
10097x2534,12,7,10,12,12,12,12,12,12,12
10104x5928,11,7,11,10,11,10,8,9,9,7
10108x1043,5,11,10,12,12,4,3,10,12,12
10160x2029,12,11,10,12,12,12,12,12,12,12
10116x6518,9,7,10,10,11,10,8,9,12,10
10131x2844,12,11,10,12,12,12,12,12,12,12
10126x3846,9,7,11,10,11,10,9,9,10,10
10125x47,1,1,1,2,1,9,1,1,1,2
10154x3662,9,7,11,10,11,10,9,9,10,10
10166x4672,9,7,11,10,11,10,9,10,10,10
10184x5288,9,7,12,10,11,10,9,9,10,10
10129x2251,12,11,10,12,12,12,12,12,12,12
10204x6159,11,7,11,10,11,10,8,9,9,7
10212x3269,12,11,10,12,12,12,8,12,12,12
10248x932,5,11,10,12,12,4,3,10,3,12
10247x1253,11,11,10,12,12,12,8,10,9,12
10246x4434,9,7,11,10,11,10,9,9,10,10
10269x5877,9,7,11,10,11,10,9,9,10,10
10264x6034,9,7,11,10,11,10,9,9,10,10
10277x3730,9,7,11,10,11,10,9,9,10,10
10281x1636,9,7,11,10,12,10,9,9,10,10
10286x1839,12,12,10,12,12,12,12,12,12,12
10291x1064,5,11,10,1,12,1,8,10,4,12
10298x3417,12,11,10,12,12,12,8,12,12,12
10321x6284,9,7,11,10,11,10,9,9,10,10
10276x3949,9,7,11,10,11,10,9,9,10,10
10362x2593,12,7,11,10,12,12,12,12,12,12
10376x3539,12,11,10,12,12,12,8,12,12,12
10345x3042,12,11,10,12,12,12,12,12,12,12
10379x3192,12,11,10,12,12,12,12,12,12,12
10410x3931,9,7,11,10,11,10,9,9,10,10
10396x1141,10,12,10,1,12,1,8,10,4,12
10396x5211,9,7,11,10,11,10,9,9,10,10
10440x5663,9,7,11,10,11,10,9,9,10,10
10411x6452,11,11,10,1,8,10,8,10,12,12
10436x2267,12,12,10,12,12,1,8,12,4,1
10491x4812,11,11,10,10,11,10,9,10,12,7
10459x4161,9,7,11,10,11,10,9,9,10,10
10436x1444,10,12,10,1,12,1,8,10,9,7
10425x5540,9,7,11,10,11,10,9,9,10,10
10484x4361,9,7,11,10,11,10,9,9,10,10
10460x5395,9,7,11,10,11,10,9,9,10,10
10477x1285,10,12,10,1,1,1,8,10,4,1
10476x5808,9,7,11,10,11,10,9,9,10,10
10495x3253,12,11,10,12,12,12,12,12,12,12
10517x4529,9,7,11,10,11,10,9,10,10,10
10519x5045,12,11,11,10,11,10,9,9,10,10
10567x5931,9,7,11,10,11,10,9,9,10,10
10502x6202,11,7,11,10,11,10,9,10,10,10
10576x3965,9,7,11,10,11,10,9,9,10,10
10594x804,10,12,10,10,10,10,8,10,9,4
10615x5276,9,7,11,10,11,10,9,9,10,10
10595x1975,10,12,10,1,1,1,8,10,4,1
10580x6061,9,7,11,10,11,10,9,9,10,10
10602x6484,9,7,11,10,11,11,9,9,10,10
10625x312,5,12,10,8,9,11,8,10,9,7
10651x2799,12,11,10,12,12,12,12,12,12,12
10640x3792,9,7,11,10,11,10,9,9,10,10
10702x589,5,6,5,10,10,10,8,10,9,7
10634x1123,10,12,10,1,10,1,8,10,4,1
10691x2056,10,12,10,1,1,1,8,10,4,1
10665x3302,12,11,10,12,12,12,12,12,12,12
10757x348,5,6,5,8,9,7,8,10,9,7
10686x4539,9,7,11,10,11,10,9,9,10,10
10751x4080,9,7,11,10,11,10,9,9,10,10
10732x5553,9,10,11,10,11,10,9,9,10,10
10716x2579,9,7,11,10,12,10,9,9,10,10
10769x3616,12,11,10,12,12,12,12,12,12,12
10858x3889,12,7,10,10,12,12,12,9,12,12
10844x905,10,12,10,10,10,10,8,10,9,7
10835x1857,10,12,10,1,1,1,8,10,4,1
10867x4476,9,7,11,10,11,10,9,9,10,10
10827x4755,9,7,11,10,11,10,9,9,12,10
10857x6468,9,7,11,10,11,11,9,9,10,10
10876x702,10,12,10,10,1,10,8,10,4,1
10848x3002,12,11,10,12,12,12,12,12,12,12
10893x5045,9,7,11,10,11,10,9,9,10,10
10836x6211,9,7,11,10,11,10,9,9,10,10
10894x3499,12,11,10,12,12,12,12,12,12,12
10953x2973,12,11,10,12,12,12,12,12,12,12
10947x5183,9,10,12,11,11,11,11,11,10,10
10955x1236,11,12,5,10,10,10,8,10,9,7
10961x1686,11,7,5,10,11,1,8,10,9,7
10953x2055,10,12,10,1,1,1,8,10,4,1
10975x6059,9,7,11,10,11,10,9,9,10,10
11030x5319,9,10,12,11,11,11,11,11,11,11
10997x3224,12,11,10,12,12,12,12,12,12,12
10958x2630,11,12,10,12,12,10,8,10,9,12
10999x3371,12,11,10,12,12,12,12,12,12,12
11020x2247,10,12,10,1,1,1,8,10,4,1
11047x3519,12,11,10,12,12,12,12,12,12,12
11056x3658,12,11,10,12,12,12,12,12,12,12
11084x4243,9,7,11,10,11,10,9,9,10,10
11096x5481,9,10,12,11,11,11,11,11,11,11
11100x327,10,12,1,1,1,1,8,1,4,1
11119x1758,11,7,5,10,11,1,8,10,9,7
11115x2604,11,12,10,12,12,10,8,10,9,10
11117x4672,9,7,11,10,11,10,9,9,10,10
11115x4522,9,7,11,10,11,10,9,9,10,10
11128x104,7,12,1,1,7,1,3,4,4,1
11018x5766,9,10,11,10,11,10,9,9,10,10
11171x1314,11,12,5,10,10,7,8,10,9,7
11153x4389,9,7,11,10,11,10,9,9,10,10
11237x1137,11,12,10,10,10,1,8,10,9,7
11128x3057,12,11,10,12,12,12,12,12,12,12
11187x6006,9,7,11,10,11,10,9,9,10,10
11204x777,10,12,1,1,1,1,8,1,4,1
11179x1640,11,7,5,10,11,1,8,10,9,7
11223x3705,12,11,10,12,12,12,12,12,12,12
11166x528,10,12,1,1,1,1,8,1,4,1
11221x1910,10,12,10,1,1,1,8,10,4,1
11193x5034,9,7,11,10,11,10,11,9,10,10
11233x1509,11,12,5,10,10,7,8,10,9,7
11236x3533,12,11,10,12,12,12,12,12,12,12
11259x193,10,12,1,1,1,1,3,1,4,1
11273x6399,10,12,10,1,1,1,8,10,4,1
11273x2852,11,12,10,10,12,10,8,10,9,7
11287x486,10,12,1,1,1,1,8,1,4,1
11246x5192,9,10,12,11,11,11,11,11,11,10
11278x2693,10,12,10,1,12,1,8,10,4,1
11310x3817,12,12,10,12,12,1,12,12,12,12
11317x5865,9,7,11,10,11,10,9,9,10,10
11289x2092,10,12,10,1,1,1,8,10,4,1
11295x6264,10,7,10,1,1,1,8,9,4,1
11289x3246,12,11,10,12,12,12,12,12,12,12
11376x5339,9,10,12,10,11,11,11,11,11,10
11426x4585,9,7,11,10,11,10,9,9,10,10
11436x4902,9,7,11,10,11,10,9,9,10,10
11479x4356,9,7,11,10,11,10,9,9,10,10
11438x4170,12,12,10,10,11,1,8,12,12,12
11415x3586,12,12,10,12,12,12,12,12,12,12
11545x2313,10,12,10,1,1,1,8,10,4,1
11435x5970,9,7,11,1,11,10,9,9,10,10
11480x2795,10,12,10,1,1,1,8,10,4,1
11471x1833,10,12,10,1,1,1,8,10,4,1
11521x2450,10,12,10,1,1,1,8,10,4,1
11464x1964,10,12,10,1,1,1,8,12,4,1
11519x1375,10,12,10,1,1,1,8,10,4,1
11473x3867,12,12,10,10,11,1,8,12,12,12
11525x6546,10,12,10,1,1,1,8,10,4,1
11561x1613,10,12,10,1,1,1,8,10,4,1
11548x5310,9,7,11,12,12,10,12,12,12,12
11577x2621,10,12,10,1,1,1,8,10,4,1
11552x3997,12,12,10,1,11,1,8,12,12,12
11639x3593,12,12,10,10,12,1,8,12,12,12
11577x4098,12,12,10,1,11,1,8,12,12,12
11624x6173,9,7,11,1,11,10,9,9,10,10
11665x4650,9,7,11,10,11,10,9,9,10,10
11703x1056,10,12,1,1,1,1,8,1,4,1
11724x3167,11,7,5,10,5,11,8,2,9,4
11715x441,8,9,9,5,7,9,6,6,7,8
11814x4253,12,12,10,1,12,1,12,12,12,12
11855x5179,12,11,2,12,2,2,12,12,12,12
11825x2335,10,12,1,1,1,1,8,1,4,1
11837x1715,10,12,1,1,1,1,8,4,4,1
11829x1497,10,12,10,1,1,1,8,10,4,1
11888x4548,12,11,10,12,12,12,12,12,12,12
11855x3025,11,7,5,10,5,11,8,2,9,4
11860x5467,11,11,5,12,12,12,12,12,12,12
11903x4682,12,11,10,12,12,12,12,12,12,12
11972x6125,12,11,10,12,12,12,12,12,12,12
11957x5748,11,11,5,10,12,12,3,12,12,12
11964x2086,7,6,1,1,1,1,3,4,4,1
11980x1106,10,12,1,1,1,1,8,1,4,1
11964x3998,12,12,1,1,1,1,12,12,12,12
11988x2555,10,12,1,1,1,1,1,1,4,1
12008x5119,12,11,2,12,2,2,12,12,12,12
12034x1300,10,12,1,1,1,1,8,10,4,1
12008x5628,11,11,5,8,12,12,3,12,12,12
12028x6403,12,11,2,12,2,2,12,12,12,12
12048x3810,12,1,1,1,1,1,12,12,4,12
12052x2289,10,12,1,1,1,1,1,1,4,1
12088x4372,12,11,10,12,12,1,12,12,12,12
12111x1018,10,12,1,1,1,1,8,1,4,1
12146x4182,12,11,1,1,1,1,12,12,12,12
12202x5767,11,7,5,8,12,12,3,12,12,12
12148x6557,12,11,2,12,2,2,12,12,12,12
12179x6408,12,11,2,12,2,2,12,12,12,12
12203x2263,10,12,1,1,1,1,1,1,4,1
12139x4587,12,11,10,12,1,1,12,12,12,12
12214x5199,12,11,2,12,2,2,12,12,12,12
12285x3492,10,1,1,1,1,1,1,12,4,1
12274x5332,12,6,2,8,2,4,3,12,12,12
12271x5994,11,11,5,10,12,12,3,12,12,12
